3
4
4
6
10
10
12
12
12
13
13
14
17
19
19
22
24
25
35
37
39
39
41
41
44
45
49
50
53
56
60
61
61
64
64
65
67
68
69
71
72
74
76
77
78
78
79
80
87
89
91
94
97
97
102
104
104
106
109
111
112
115
116
116
117
120
121
121
125
126
127
128
130
135
137
138
140
140
141
144
145
149
154
154
156
163
163
165
169
171
171
171
172
173
174
176
177
178
180
180
181
182
183
186
189
199
202
202
203
208
209
212
213
214
215
218
221
224
226
226
227
231
231
233
233
236
238
239
239
242
243
248
250
250
259
260
264
266
267
267
271
274
274
275
278
279
281
284
285
286
291
293
294
296
298
301
302
307
308
315
319
325
330
332
332
336
340
342
349
350
351
353
353
354
355
356
356
359
374
375
380
383
385
386
391
392
393
394
395
399
406
406
408
410
411
416
416
420
420
422
422
425
433
435
436
438
440
441
444
448
450
452
452
453
453
455
456
461
461
462
465
465
466
470
474
481
486
486
491
496
497
500
501
502
504
504
505
506
510
514
517
517
519
527
529
531
534
534
534
537
539
540
541
545
546
549
552
555
556
558
560
560
564
567
572
574
577
578
581
582
584
584
585
587
591
591
592
593
595
596
596
599
603
612
615
615
621
628
636
637
639
640
643
646
650
651
654
656
659
663
663
664
666
666
670
670
673
676
676
678
681
682
682
683
685
686
690
691
692
693
694
696
696
697
698
698
699
701
702
709
714
714
717
719
722
724
725
726
727
728
728
728
733
733
734
737
738
738
741
742
743
744
746
749
749
750
750
753
755
755
755
758
759
761
765
769
778
779
779
781
787
794
795
795
796
797
798
799
800
802
804
804
811
812
812
817
820
826
827
828
829
830
832
835
836
840
840
840
842
844
845
845
847
848
849
852
854
854
855
855
856
856
857
859
861
863
864
866
868
871
874
875
876
876
880
885
888
890
891
908
911
912
914
915
917
918
919
920
921
930
930
935
935
940
940
940
941
946
950
955
958
959
960
962
962
963
967
969
969
970
970
970
971
971
974
976
980
982
983
983
984
985
986
986
988
989
997
997
998
999
1001
1001
1001
1002
1003
1004
1005
1005
1005
1006
1008
1009
1009
1010
1010
1014
1016
1018
1022
1023
1024
1026
1027
1030
1031
1032
1036
1037
1038
1038
1042
1043
1045
1046
1046
1047
1050
1053
1054
1056
1061
1062
1066
1071
1071
1072
1072
1073
1074
1075
1076
1076
1080
1080
1081
1081
1084
1085
1087
1090
1090
1102
1104
1108
1112
1113
1113
1113
1115
1115
1117
1123
1125
1125
1126
1129
1129
1131
1136
1136
1145
1146
1146
1152
1154
1155
1158
1159
1167
1168
1170
1173
1175
1175
1176
1177
1180
1182
1182
1186
1192
1196
1197
1197
1202
1204
1208
1209
1211
1211
1214
1215
1217
1221
1224
1226
1227
1227
1229
1230
1234
1234
1240
1240
1244
1245
1249
1252
1255
1258
1258
1258
1260
1262
1264
1264
1265
1267
1268
1271
1271
1273
1279
1280
1283
1283
1284
1289
1290
1291
1292
1295
1296
1296
1298
1301
1304
1306
1306
1308
1308
1308
1310
1314
1315
1318
1319
1322
1322
1324
1326
1327
1327
1329
1330
1330
1330
1333
1334
1336
1336
1336
1339
1342
1342
1343
1346
1346
1347
1347
1349
1353
1355
1359
1363
1364
1365
1369
1369
1373
1379
1380
1381
1383
1385
1387
1387
1395
1399
1400
1401
1401
1403
1407
1408
1411
1415
1415
1418
1419
1419
1422
1422
1422
1423
1423
1425
1425
1426
1428
1430
1430
1431
1433
1433
1434
1436
1440
1440
1449
1449
1454
1457
1459
1460
1460
1461
1464
1465
1475
1478
1479
1484
1488
1490
1492
1494
1498
1499
1499
1500
1501
1503
1504
1507
1508
1512
1512
1514
1514
1515
1515
1518
1519
1520
1521
1522
1538
1541
1542
1543
1548
1550
1558
1558
1560
1561
1564
1564
1565
1565
1566
1567
1568
1571
1574
1575
1575
1575
1578
1580
1581
1582
1582
1583
1585
1586
1588
1593
1594
1595
1599
1600
1601
1603
1608
1609
1611
1612
1612
1612
1613
1618
1618
1619
1619
1620
1620
1621
1623
1624
1627
1629
1631
1632
1635
1639
1641
1641
1647
1648
1649
1650
1650
1654
1657
1658
1659
1659
1660
1660
1661
1663
1664
1667
1671
1673
1675
1676
1679
1681
1682
1684
1685
1685
1686
1686
1688
1691
1692
1693
1695
1695
1700
1703
1704
1704
1707
1709
1713
1715
1718
1719
1720
1724
1724
1733
1736
1737
1742
1743
1745
1749
1750
1756
1758
1762
1763
1765
1770
1770
1772
1772
1773
1773
1773
1773
1777
1777
1778
1779
1780
1782
1784
1784
1787
1791
1794
1794
1797
1798
1798
1799
1804
1806
1807
1808
1810
1812
1812
1815
1815
1815
1818
1822
1826
1826
1830
1830
1832
1832
1834
1835
1836
1839
1839
1841
1841
1844
1845
1849
1850
1850
1853
1854
1855
1855
1857
1857
1859
1860
1863
1867
1871
1875
1877
1880
1881
1882
1883
1887
1888
1889
1891
1891
1892
1894
1899
1902
1904
1906
1906
1907
1909
1911
1923
1925
1928
1929
1930
1931
1934
1935
1935
1938
1940
1946
1946
1947
1947
1953
1954
1954
1958
1959
1964
1967
1972
1973
1976
1976
1976
1978
1983
1984
1985
1986
1991
1991
1993
