4.0
5.3
12.7
13.2
14.1
14.5
16.5
16.700000000000003
16.8
18.1
18.700000000000003
20.5
27.6
30.3
33.1
34.2
36.6
49.4
50.9
51.0
56.4
58.800000000000004
59.800000000000004
62.5
63.4
71.19999999999999
74.6
75.8
80.69999999999999
80.8
80.8
81.89999999999999
83.69999999999999
86.89999999999999
87.69999999999999
88.3
89.8
90.6
93.0
96.69999999999999
98.1
98.89999999999999
99.5
100.39999999999999
100.5
104.89999999999999
108.19999999999999
110.8
111.1
112.6
114.0
116.6
117.5
119.5
124.0
126.69999999999999
128.2
130.0
137.0
138.5
141.0
141.9
145.1
150.4
159.4
162.4
167.7
169.29999999999998
169.7
170.4
172.29999999999998
175.6
176.0
177.0
193.1
195.4
196.6
199.2
199.5
204.6
210.9
217.6
220.7
224.29999999999998
225.4
230.5
231.79999999999998
232.0
238.5
240.2
240.6
241.4
242.4
243.4
246.9
249.29999999999998
250.1
250.29999999999998
250.6
254.5
258.3
260.40000000000003
262.40000000000003
264.70000000000005
267.8
277.3
280.6
281.5
294.8
295.70000000000005
296.0
296.40000000000003
302.6
303.5
305.90000000000003
310.0
312.90000000000003
314.6
316.1
318.20000000000005
319.20000000000005
322.8
326.5
326.8
329.8
331.90000000000003
338.70000000000005
345.40000000000003
346.5
348.1
349.3
349.8
352.8
362.3
362.8
363.20000000000005
366.20000000000005
370.8
373.20000000000005
378.3
380.8
390.1
390.20000000000005
394.40000000000003
396.1
396.20000000000005
399.20000000000005
399.40000000000003
399.5
401.20000000000005
401.40000000000003
402.3
407.8
411.70000000000005
415.70000000000005
416.40000000000003
418.3
424.5
427.5
428.40000000000003
429.90000000000003
433.8
436.8
442.20000000000005
444.0
448.40000000000003
454.5
457.3
463.8
466.6
466.90000000000003
467.90000000000003
476.90000000000003
481.8
485.90000000000003
486.5
491.3
493.90000000000003
497.90000000000003
498.6
500.40000000000003
503.0
510.6
513.5
516.4
521.0
521.2
529.2
540.5
544.0
548.3000000000001
550.5
553.2
556.0
557.1
557.8000000000001
560.3000000000001
568.2
572.6
574.6
583.2
583.3000000000001
592.5
593.4
602.5
608.4
609.2
611.4
611.9
613.9
615.0
615.1
616.8000000000001
618.7
620.6
629.7
641.2
643.8000000000001
649.4
650.2
650.4
652.6
652.9
655.6
657.8000000000001
657.8000000000001
658.5
661.8000000000001
661.9
663.0
663.4
666.3000000000001
667.2
670.7
674.1
674.6
674.8000000000001
675.7
692.6
692.7
696.6
703.2
708.9
710.8000000000001
725.7
727.2
731.1
732.3000000000001
733.3000000000001
734.0
737.2
738.0
743.3000000000001
745.6
756.5
756.7
759.7
769.6
770.3000000000001
773.5
777.2
778.7
780.9
782.2
786.6
789.7
790.3000000000001
792.1
792.2
792.4
797.1
797.7
797.7
798.0
799.2
799.8000000000001
804.4
807.7
810.9
812.5
816.6
823.4
825.4
826.1
837.0
838.9
844.7
850.1
854.9
855.5
857.4
865.7
867.6
872.4
874.3000000000001
875.9
883.2
885.3000000000001
889.7
895.3000000000001
899.9
900.4
905.0
909.7
913.3000000000001
915.1
919.9
929.4
930.6
930.9
939.3000000000001
941.8000000000001
946.5
950.8000000000001
952.8000000000001
958.6
960.6
963.3000000000001
965.4
968.8000000000001
972.1
980.4
981.3000000000001
988.8000000000001
989.2
989.4
990.7
996.3000000000001
997.8000000000001
998.2
998.4
1002.1
1003.9
1005.0
1011.9
1012.0
1013.4
1014.0
1015.5
1018.2
1019.2
1020.8000000000001
1021.5
1021.6
1022.5
1025.5
1034.5
1036.1
1044.6
1045.1
1048.3999999999999
1049.8
1051.1999999999998
1052.1999999999998
1052.3
1055.6
1060.3
1061.5
1063.1
1064.0
1065.5
1065.6
1065.6
1071.6999999999998
1073.0
1075.1
1077.3
1079.3
1079.6
1081.1
1085.1999999999998
1086.1999999999998
1089.3
1096.3
1096.5
1098.6
1098.6999999999998
1098.6999999999998
1099.8
1103.0
1105.1999999999998
1105.6
1105.6999999999998
1110.3
1110.8999999999999
1111.3999999999999
1113.0
1113.8
1120.3999999999999
1123.6999999999998
1140.6999999999998
1140.8999999999999
1146.8
1147.6
1152.1
1153.5
1166.8
1168.8
1169.0
1169.8999999999999
1170.3
1177.0
1187.1999999999998
1188.1
1188.5
1193.0
1196.0
1206.6999999999998
1209.8999999999999
1212.0
1214.3
1224.3
1224.3
1226.1999999999998
1230.1
1231.6
1235.1999999999998
1235.6999999999998
1237.0
1240.6
1243.6
1243.6
1244.3
1248.0
1251.1
1253.3999999999999
1262.8
1264.8
1268.3999999999999
1269.5
1279.8
1280.1
1280.8
1280.8
1282.1999999999998
1283.1
1288.3999999999999
1289.6
1292.1999999999998
1292.6
1292.6
1296.8
1297.3999999999999
1297.5
1299.0
1302.1999999999998
1303.0
1303.3
1304.1999999999998
1306.3999999999999
1312.3
1335.8999999999999
1336.3999999999999
1338.5
1340.3999999999999
1344.8
1345.1
1347.3
1348.0
1362.1
1368.6999999999998
1373.1999999999998
1376.0
1376.1
1376.1999999999998
1380.6
1384.6999999999998
1387.5
1390.3
1400.6999999999998
1401.5
1402.0
1402.1
1402.6999999999998
1404.5
1408.3
1410.3
1415.3999999999999
1417.3
1421.1
1429.6999999999998
1429.6999999999998
1432.3
1435.1
1438.3999999999999
1441.3
1442.5
1443.5
1445.0
1446.1999999999998
1448.1999999999998
1457.3999999999999
1459.6
1463.3999999999999
1465.0
1466.3
1466.8
1469.6
1470.6
1472.1
1472.3
1473.0
1473.1
1475.8999999999999
1477.8
1478.5
1479.1999999999998
1482.0
1484.6
1485.8
1487.0
1490.5
1498.3
1500.8999999999999
1502.0
1507.8999999999999
1508.5
1510.1
1511.8
1513.8999999999999
1516.8
1516.8999999999999
1519.0
1520.0
1520.1
1526.3
1530.1999999999998
1532.3
1533.3999999999999
1536.8999999999999
1553.3999999999999
1555.0
1556.1999999999998
1561.1
1563.6
1568.8999999999999
1569.3
1574.8
1575.6999999999998
1577.3
1580.6
1581.3
1583.1
1583.5
1585.1999999999998
1592.1999999999998
1596.5
1618.3
1620.8999999999999
1622.1
1622.3
1622.8
1624.6
1628.1999999999998
1629.0
1629.6
1631.6999999999998
1636.1
1640.8
1642.0
1642.3
1643.8
1643.8
1646.6999999999998
1648.0
1649.1
1651.1
1655.6
1656.3999999999999
1661.8
1662.3
1665.1999999999998
1675.3
1687.1999999999998
1693.8999999999999
1694.3999999999999
1697.6999999999998
1699.8
1703.5
1710.5
1721.3999999999999
1727.3
1730.6999999999998
1730.6999999999998
1740.1999999999998
1751.8
1752.6
1759.8
1763.0
1764.3
1768.8
1770.1
1773.3999999999999
1774.3999999999999
1777.3999999999999
1779.3999999999999
1779.6
1790.1999999999998
1795.3999999999999
1795.5
1797.1
1799.8
1801.3999999999999
1806.3
1807.1999999999998
1816.1999999999998
1818.8999999999999
1821.0
1828.8
1833.5
1835.0
1841.6
1841.6999999999998
1842.6999999999998
1851.3999999999999
1851.8999999999999
1855.6999999999998
1857.0
1859.8
1861.1999999999998
1861.5
1864.6999999999998
1865.3
1869.8999999999999
1872.0
1873.3999999999999
1874.8
1879.1
1879.5
1882.3
1885.8999999999999
1887.6
1888.3999999999999
1889.8999999999999
1891.3
1892.6
1896.6999999999998
1897.3
1901.1
1909.0
1909.8
1911.8
1912.8
1914.8999999999999
1918.0
1921.3999999999999
1921.8999999999999
1924.8
1925.8
1929.0
1930.0
1930.5
1931.8999999999999
1936.1999999999998
1936.3999999999999
1938.1999999999998
1939.3999999999999
1942.1999999999998
1943.1
1945.3999999999999
1946.0
1948.0
1948.1999999999998
1952.5
1952.8999999999999
1955.8999999999999
1956.3999999999999
1961.1999999999998
1962.5
1962.8
1963.1
1966.8999999999999
1971.8999999999999
1972.1999999999998
1989.6999999999998
1992.8999999999999
1994.6
1997.1999999999998
1998.6
2001.6
2003.5
2005.1
2005.1999999999998
2011.1999999999998
2011.6999999999998
2012.5
2017.8999999999999
2018.8
2020.3999999999999
2022.6
2024.3999999999999
2025.5
2033.1
2036.8999999999999
2038.3999999999999
2040.1
2049.2999999999997
2050.9
2051.7999999999997
2053.5
2054.5
2060.6
2060.7
2061.4
2066.4
2071.9
2076.1
2076.6
2082.7
2083.7999999999997
2086.9
2087.7
2091.1
2093.7
2094.2999999999997
2094.7999999999997
2097.9
2099.6
2100.5
2102.7
2121.6
2122.0
2126.9
2134.0
2134.0
2138.2999999999997
2138.7
2139.6
2155.9
2159.6
2161.0
2164.7999999999997
2165.7999999999997
2171.0
2179.7
2180.5
2182.4
2187.2999999999997
2191.7
2193.0
2194.5
2196.2999999999997
2203.1
2207.5
2208.4
2208.9
2213.7999999999997
2217.1
2218.9
2223.4
2226.7
2228.5
2238.7999999999997
2241.7999999999997
2249.2999999999997
2252.5
2256.5
2257.0
2258.5
2259.7
2263.2
2263.7
2277.9
2280.7999999999997
2281.5
2281.6
2284.7999999999997
2286.2999999999997
2286.6
2290.6
2291.4
2299.5
2307.1
2310.2999999999997
2312.6
2313.2999999999997
2314.0
2315.4
2316.5
2317.7
2323.2
2326.0
2335.2999999999997
2342.0
2342.1
2342.7
2344.0
2348.1
2353.9
2354.6
2356.0
2359.0
2359.7999999999997
2360.7
2360.7999999999997
2369.1
2369.2
2370.7
2372.7999999999997
2373.2
2376.4
2377.5
2385.2999999999997
2389.1
2389.7999999999997
2400.0
2402.4
2405.6
2409.7999999999997
2411.6
2412.7
2415.9
2418.6
2420.7999999999997
2421.6
2422.5
2426.9
2429.2999999999997
2430.5
2431.7999999999997
2434.7999999999997
2435.6
2437.5
2439.7
2441.7999999999997
2443.0
2445.7999999999997
2447.5
2450.5
2452.0
2452.2
2453.1
2454.0
2454.5
2455.2999999999997
2467.5
2468.7999999999997
2469.5
2469.5
2472.2999999999997
2478.4
2482.2999999999997
2482.7
2489.4
2494.5
2494.5
2500.0
2501.5
2502.5
2503.0
2507.9
2508.9
2512.5
2513.1
2513.2
2515.7
2517.7999999999997
2518.6
2521.5
2524.1
2525.1
2527.7999999999997
2532.2
2543.1
2552.7
2555.2
2558.9
2561.0
2562.4
2564.2999999999997
2564.7999999999997
2587.1
2588.7999999999997
2589.0
2589.2
2589.2999999999997
2590.6
2591.1
2591.2
2592.6
2594.7
2595.7999999999997
2595.9
2602.2
2602.5
2604.2999999999997
2606.1
2610.6
2613.1
2616.9
2617.7999999999997
2621.1
2627.2
2631.1
2633.4
2634.2
2636.9
2638.6
2642.2
2646.2
2650.1
2653.4
2657.7
2658.2
2668.1
2673.5
2678.2999999999997
2679.1
2679.2
2680.2999999999997
2682.2
2682.4
2687.5
2693.4
2693.7
2694.7
2695.7999999999997
2702.2999999999997
2707.5
2707.5
2709.2
2714.2
2715.2999999999997
2720.2
2734.5
2736.2
2739.6
2743.5
2748.7999999999997
2752.9
2754.1
2766.0
2769.0
2773.1
2778.7
2780.6
2785.9
2788.7999999999997
2791.0
2791.1
2792.2
2793.5
2800.7
2811.1
2815.7999999999997
2818.2999999999997
2819.6
2822.0
2825.6
2826.7
2828.5
2829.2
2833.0
2834.0
2834.0
2837.4
2837.6
2846.6
2848.6
2851.2
2851.5
2856.7999999999997
2860.0
2865.9
2866.7999999999997
2872.5
2876.2999999999997
2876.7999999999997
2878.2
2878.9
2881.6
2887.4
2893.7
2894.1
2898.2999999999997
2899.7
2906.6
2907.9
2918.4
2924.7
2937.2
2938.9
2942.4
2944.1
2947.2
2950.5
2950.6
2953.9
2956.1
2957.0
2961.9
2963.4
2969.7
2970.1
2971.4
2973.0
2976.2999999999997
2989.6
2994.0
2997.0
