0.5
0.6
1.4000000000000001
1.4000000000000001
1.5
1.5
1.7000000000000002
1.8
1.8
1.9000000000000001
2.0
2.1
2.8000000000000003
3.1
3.4
3.5
3.8000000000000003
5.0
5.199999999999999
5.199999999999999
5.699999999999999
6.0
6.1
6.3
6.3999999999999995
7.199999999999999
7.6
7.699999999999999
8.2
8.2
8.2
8.299999999999999
8.5
8.799999999999999
8.9
8.9
9.1
9.2
9.4
9.799999999999999
9.9
10.0
10.0
10.1
10.1
10.6
10.9
11.2
11.2
11.299999999999999
11.5
11.7
11.799999999999999
12.0
12.5
12.799999999999999
12.9
13.1
13.799999999999999
13.9
14.2
14.299999999999999
14.6
15.1
16.0
16.3
16.900000000000002
17.0
17.1
17.1
17.3
17.6
17.700000000000003
17.8
19.400000000000002
19.6
19.700000000000003
20.0
20.0
20.5
21.200000000000003
21.8
22.200000000000003
22.5
22.6
23.1
23.3
23.3
23.900000000000002
24.1
24.1
24.200000000000003
24.3
24.400000000000002
24.8
25.0
25.1
25.1
25.1
25.5
25.900000000000002
26.1
26.3
26.6
26.900000000000002
27.8
28.1
28.200000000000003
29.6
29.6
29.700000000000003
29.700000000000003
30.3
30.400000000000002
30.700000000000003
31.1
31.400000000000002
31.5
31.700000000000003
31.900000000000002
32.0
32.4
32.7
32.800000000000004
33.1
33.300000000000004
33.9
34.6
34.7
34.9
35.0
35.1
35.4
36.300000000000004
36.4
36.4
36.7
37.2
37.4
37.9
38.2
39.1
39.1
39.5
39.7
39.7
40.0
40.0
40.0
40.2
40.2
40.300000000000004
40.9
41.2
41.6
41.7
41.9
42.5
42.800000000000004
42.9
43.1
43.5
43.800000000000004
44.300000000000004
44.5
44.9
45.5
45.800000000000004
46.5
46.7
46.800000000000004
46.9
47.800000000000004
48.300000000000004
48.7
48.7
49.2
49.5
49.9
49.9
50.1
50.4
51.1
51.4
51.7
52.2
52.2
53.0
54.1
54.5
54.9
55.1
55.4
55.7
55.800000000000004
55.9
56.1
56.9
57.300000000000004
57.5
58.4
58.4
59.300000000000004
59.4
60.300000000000004
60.9
61.0
61.2
61.300000000000004
61.5
61.6
61.6
61.800000000000004
61.9
62.1
63.0
64.19999999999999
64.5
65.0
65.1
65.1
65.3
65.39999999999999
65.6
65.89999999999999
65.89999999999999
65.89999999999999
66.3
66.3
66.39999999999999
66.39999999999999
66.69999999999999
66.8
67.1
67.5
67.5
67.5
67.6
69.3
69.3
69.69999999999999
70.39999999999999
71.0
71.1
72.6
72.8
73.19999999999999
73.3
73.39999999999999
73.5
73.8
73.89999999999999
74.39999999999999
74.6
75.69999999999999
75.69999999999999
76.0
77.0
77.1
77.39999999999999
77.8
77.89999999999999
78.19999999999999
78.3
78.69999999999999
79.0
79.1
79.3
79.3
79.3
79.8
79.8
79.8
79.89999999999999
80.0
80.1
80.5
80.8
81.19999999999999
81.3
81.69999999999999
82.39999999999999
82.6
82.69999999999999
83.8
84.0
84.5
85.1
85.6
85.6
85.8
86.6
86.8
87.3
87.5
87.69999999999999
88.39999999999999
88.6
89.0
89.6
90.1
90.1
90.6
91.0
91.39999999999999
91.6
92.0
93.0
93.1
93.1
94.0
94.19999999999999
94.69999999999999
95.1
95.3
95.89999999999999
96.1
96.39999999999999
96.6
96.89999999999999
97.3
98.1
98.19999999999999
98.89999999999999
99.0
99.0
99.1
99.69999999999999
99.8
99.89999999999999
99.89999999999999
100.3
100.5
100.6
101.3
101.3
101.39999999999999
101.5
101.6
101.89999999999999
102.0
102.1
102.19999999999999
102.19999999999999
102.3
102.6
103.5
103.69999999999999
104.5
104.6
104.89999999999999
105.0
105.19999999999999
105.3
105.3
105.6
106.1
106.19999999999999
106.39999999999999
106.5
106.6
106.6
106.6
107.19999999999999
107.39999999999999
107.6
107.8
108.0
108.0
108.19999999999999
108.6
108.69999999999999
109.0
109.69999999999999
109.69999999999999
109.89999999999999
109.89999999999999
109.89999999999999
110.0
110.39999999999999
110.6
110.6
110.6
111.1
111.1
111.19999999999999
111.39999999999999
111.39999999999999
112.1
112.39999999999999
114.1
114.1
114.69999999999999
114.8
115.3
115.39999999999999
116.69999999999999
116.89999999999999
117.0
117.0
117.1
117.8
118.8
118.89999999999999
118.89999999999999
119.39999999999999
119.69999999999999
120.69999999999999
121.0
121.3
121.5
122.5
122.5
122.69999999999999
123.1
123.19999999999999
123.6
123.6
123.8
124.1
124.39999999999999
124.39999999999999
124.5
124.8
125.19999999999999
125.39999999999999
126.3
126.5
126.89999999999999
127.0
128.0
128.1
128.1
128.1
128.29999999999998
128.4
128.9
129.0
129.29999999999998
129.29999999999998
129.29999999999998
129.7
129.79999999999998
129.79999999999998
130.0
130.29999999999998
130.4
130.4
130.5
130.7
131.29999999999998
133.6
133.7
133.9
134.1
134.5
134.6
134.79999999999998
134.79999999999998
136.29999999999998
136.9
137.4
137.6
137.7
137.7
138.1
138.5
138.79999999999998
139.1
140.1
140.2
140.2
140.29999999999998
140.29999999999998
140.5
140.9
141.1
141.6
141.79999999999998
142.2
143.0
143.0
143.29999999999998
143.6
143.9
144.2
144.29999999999998
144.4
144.5
144.7
144.9
145.79999999999998
146.0
146.4
146.5
146.7
146.7
147.0
147.1
147.29999999999998
147.29999999999998
147.29999999999998
147.4
147.6
147.79999999999998
147.9
148.0
148.2
148.5
148.6
148.7
149.1
149.9
150.1
150.2
150.79999999999998
150.9
151.1
151.2
151.4
151.7
151.7
151.9
152.0
152.1
152.7
153.1
153.29999999999998
153.4
153.7
155.4
155.5
155.7
156.2
156.4
156.9
157.0
157.5
157.6
157.79999999999998
158.1
158.2
158.29999999999998
158.4
158.6
159.29999999999998
159.7
161.9
162.1
162.2
162.29999999999998
162.29999999999998
162.5
162.9
162.9
163.0
163.2
163.6
164.1
164.2
164.29999999999998
164.4
164.4
164.7
164.79999999999998
165.0
165.2
165.6
165.7
166.2
166.29999999999998
166.6
167.6
168.79999999999998
169.4
169.5
169.79999999999998
170.0
170.4
171.1
172.2
172.79999999999998
173.1
173.1
174.1
175.2
175.29999999999998
176.0
176.29999999999998
176.5
176.9
177.1
177.4
177.5
177.79999999999998
178.0
178.0
179.1
179.6
179.6
179.7
180.0
180.2
180.7
180.79999999999998
181.7
181.9
182.1
182.9
183.4
183.5
184.2
184.2
184.29999999999998
185.2
185.2
185.6
185.7
186.0
186.2
186.2
186.5
186.6
187.0
187.2
187.4
187.5
187.9
188.0
188.29999999999998
188.6
188.79999999999998
188.9
189.0
189.2
189.29999999999998
189.7
189.79999999999998
190.1
190.9
191.0
191.2
191.29999999999998
191.5
191.79999999999998
192.2
192.2
192.5
192.6
192.9
193.0
193.1
193.2
193.7
193.7
193.9
194.0
194.2
194.29999999999998
194.6
194.6
194.79999999999998
194.79999999999998
195.29999999999998
195.29999999999998
195.6
195.7
196.1
196.29999999999998
196.29999999999998
196.29999999999998
196.7
197.2
197.2
199.0
199.29999999999998
199.5
199.7
199.9
200.2
200.4
200.5
200.5
201.1
201.2
201.29999999999998
201.79999999999998
201.9
202.1
202.29999999999998
202.5
202.6
203.29999999999998
203.7
203.9
204.0
205.0
205.1
205.2
205.4
205.5
206.1
206.1
206.2
206.7
207.2
207.6
207.7
208.29999999999998
208.4
208.7
208.79999999999998
209.1
209.4
209.5
209.5
209.79999999999998
210.0
210.1
210.29999999999998
212.2
212.2
212.7
213.4
213.4
213.9
213.9
214.0
215.6
216.0
216.1
216.5
216.6
217.1
218.0
218.1
218.29999999999998
218.79999999999998
219.2
219.29999999999998
219.5
219.6
220.29999999999998
220.79999999999998
220.9
220.9
221.4
221.7
221.9
222.4
222.7
222.9
223.9
224.2
224.9
225.29999999999998
225.7
225.7
225.9
226.0
226.29999999999998
226.4
227.79999999999998
228.1
228.2
228.2
228.5
228.7
228.7
229.1
229.2
230.0
230.7
231.1
231.29999999999998
231.29999999999998
231.4
231.6
231.7
231.79999999999998
232.29999999999998
232.6
233.6
234.2
234.2
234.29999999999998
234.4
234.79999999999998
235.4
235.5
235.6
235.9
236.0
236.1
236.1
236.9
236.9
237.1
237.29999999999998
237.29999999999998
237.7
237.79999999999998
238.5
238.9
239.0
240.0
240.29999999999998
240.6
241.0
241.2
241.29999999999998
241.6
241.9
242.1
242.2
242.29999999999998
242.7
242.9
243.1
243.2
243.5
243.6
243.79999999999998
244.0
244.2
244.29999999999998
244.6
244.79999999999998
245.1
245.2
245.2
245.29999999999998
245.4
245.5
245.6
246.79999999999998
246.9
247.0
247.0
247.2
247.9
248.2
248.29999999999998
249.0
249.5
249.5
250.0
250.2
250.29999999999998
250.29999999999998
250.79999999999998
250.9
251.29999999999998
251.29999999999998
251.29999999999998
251.6
251.79999999999998
251.9
252.2
252.4
252.5
252.79999999999998
253.2
254.29999999999998
255.29999999999998
255.5
255.9
256.1
256.3
256.40000000000003
256.5
258.70000000000005
258.90000000000003
258.90000000000003
258.90000000000003
258.90000000000003
259.1
259.1
259.1
259.3
259.5
259.6
259.6
260.20000000000005
260.3
260.40000000000003
260.6
261.1
261.3
261.70000000000005
261.8
262.1
262.70000000000005
263.1
263.40000000000003
263.40000000000003
263.70000000000005
263.90000000000003
264.20000000000005
264.6
265.0
265.3
265.8
265.8
266.8
267.40000000000003
267.8
267.90000000000003
267.90000000000003
268.0
268.20000000000005
268.3
268.8
269.3
269.40000000000003
269.5
269.6
270.20000000000005
270.8
270.8
270.90000000000003
271.40000000000003
271.5
272.0
273.5
273.6
274.0
274.40000000000003
274.90000000000003
275.3
275.40000000000003
276.6
276.90000000000003
277.3
277.90000000000003
278.1
278.6
278.90000000000003
279.1
279.1
279.20000000000005
279.40000000000003
280.1
281.1
281.6
281.8
282.0
282.20000000000005
282.6
282.70000000000005
282.90000000000003
282.90000000000003
283.3
283.40000000000003
283.40000000000003
283.70000000000005
283.8
284.70000000000005
284.90000000000003
285.1
285.20000000000005
285.70000000000005
286.0
286.6
286.70000000000005
287.20000000000005
287.6
287.70000000000005
287.8
287.90000000000003
288.20000000000005
288.70000000000005
289.40000000000003
289.40000000000003
289.8
290.0
290.70000000000005
290.8
291.8
292.5
293.70000000000005
293.90000000000003
294.20000000000005
294.40000000000003
294.70000000000005
295.1
295.1
295.40000000000003
295.6
295.70000000000005
296.20000000000005
296.3
297.0
297.0
297.1
297.3
297.6
299.0
299.40000000000003
299.70000000000005
