0.5
1.5
2.1
8.9
10.0
10.9
12.8
14.2
16.3
17.1
17.8
25.1
25.1
29.7
30.4
30.7
35.0
35.1
36.4
36.7
39.1
39.1
39.7
41.2
58.4
61.5
61.8
64.5
65.6
65.9
66.3
67.5
67.6
71.1
75.7
76.0
78.2
78.3
79.8
82.7
83.8
90.1
95.1
98.2
101.4
104.5
105.0
106.1
106.2
106.6
106.6
107.4
108.7
110.4
111.1
115.3
121.0
121.5
123.8
130.4
133.6
133.9
136.9
140.5
140.9
142.2
143.0
143.6
144.2
144.4
146.7
149.1
149.9
162.3
164.8
172.8
173.1
175.3
176.0
177.1
189.8
191.2
192.5
193.7
199.9
200.5
202.1
205.2
207.2
209.1
209.4
212.2
218.0
220.8
225.9
226.0
228.2
228.2
228.5
229.2
231.1
231.6
234.4
236.9
238.5
240.0
242.7
243.8
245.2
249.0
250.3
251.8
254.3
259.6
264.2
264.6
265.0
266.8
267.9
268.8
276.9
283.3
283.8
294.7
299.7
