0.2
0.6
0.8
3.0
3.4
3.7
4.3
4.8
5.5
5.7
6.0
8.4
8.4
10.0
10.2
10.3
11.7
11.7
12.2
12.3
13.1
13.1
13.3
13.8
19.5
20.5
20.6
21.5
21.9
22.0
22.1
22.5
22.6
23.8
25.3
25.4
26.1
26.1
26.7
27.6
28.0
30.1
31.8
32.8
33.8
34.9
35.1
35.4
35.4
35.6
35.6
35.8
36.3
36.8
37.1
38.5
40.4
40.5
41.3
43.5
44.6
44.7
45.7
46.9
47.0
47.4
47.7
47.9
48.1
48.2
48.9
49.7
50.0
54.1
55.0
57.6
57.7
58.5
58.7
59.0
63.3
63.8
64.2
64.6
66.7
66.9
67.4
68.4
69.1
69.7
69.8
70.8
72.7
73.6
75.3
75.3
76.1
76.1
76.2
76.4
77.0
77.2
78.2
79.0
79.5
80.0
80.9
81.3
81.8
83.0
83.4
83.9
84.8
86.5
88.1
88.2
88.3
88.9
89.3
89.6
92.3
94.4
94.6
98.2
99.9
