1
2
3
3
3
4
6
10
11
12
13
14
16
16
16
17
17
19
19
20
20
22
25
26
27
28
28
29
29
31
32
32
33
34
35
35
36
36
41
43
43
43
44
45
46
51
51
52
53
54
54
54
59
59
59
60
60
61
62
63
63
65
67
67
67
68
69
69
70
71
71
72
74
75
76
77
82
85
88
89
90
94
95
96
98
99
100
102
103
103
105
106
106
109
110
111
112
113
113
114
114
114
116
116
117
117
122
123
125
126
126
126
127
130
130
132
133
133
134
134
135
135
137
137
139
141
143
145
145
146
146
148
150
153
154
156
157
159
160
162
163
164
165
166
166
166
168
169
169
171
171
172
173
173
174
175
175
176
178
179
180
181
181
182
182
182
182
184
186
186
187
189
189
189
189
190
191
193
195
195
195
196
197
200
200
201
203
205
207
208
208
208
210
210
210
211
212
212
214
214
214
215
217
219
220
222
223
223
227
228
228
229
230
231
233
233
234
234
235
237
238
239
240
241
241
243
243
243
244
244
245
246
246
247
250
250
250
251
251
251
251
251
252
252
253
253
254
255
256
256
256
257
257
258
260
262
262
264
264
268
269
269
269
270
271
271
272
272
273
276
277
278
282
282
282
283
287
290
292
293
294
294
294
294
295
296
296
300
300
301
302
303
303
303
305
306
306
307
314
315
316
316
317
317
318
320
320
321
321
321
324
324
327
327
327
329
331
331
332
332
333
333
334
334
335
337
337
337
339
340
342
343
345
345
346
347
347
351
351
351
353
354
356
356
356
356
357
357
357
357
358
358
358
359
359
360
363
365
365
365
366
367
371
372
373
375
376
376
377
378
379
379
380
380
381
381
386
386
387
390
390
390
391
392
392
392
392
394
394
395
396
396
397
399
399
400
400
401
402
403
403
403
403
404
405
405
405
405
406
407
408
409
410
411
413
413
414
415
415
415
415
416
418
419
421
422
422
422
423
424
425
428
430
431
434
434
435
436
437
438
442
443
444
445
445
446
446
448
449
451
452
452
452
453
455
456
457
458
458
459
459
459
460
461
461
463
463
464
464
465
465
465
466
467
469
470
471
471
472
472
473
476
478
481
482
484
484
485
485
487
487
489
489
490
492
494
495
496
497
497
